x y
1.3977e+05 5.7444e+06
1.3636e+05 5.6317e+06
1.54e+05 6.0324e+06
1.496e+05 5.8636e+06
1.5259e+05 6.0691e+06
1.3845e+05 5.5952e+06
1.4584e+05 5.9228e+06
1.373e+05 5.6131e+06
42732 1.6807e+06
0 21941
1.4019e+05 5.6668e+06
1.4287e+05 5.7812e+06
1.2861e+05 5.183e+06
1.4938e+05 5.7023e+06
1.4451e+05 5.7689e+06
1.4977e+05 5.8808e+06
1.5613e+05 6.1406e+06
1.4669e+05 5.8157e+06
48018 1.843e+06
0 21024
2.6208e+05 9.4052e+06
2.9156e+05 1.0238e+07
1.6946e+05 6.5268e+06
1.3823e+05 5.6114e+06
1.3261e+05 5.4919e+06
1.3725e+05 5.5947e+06
1.3871e+05 5.6962e+06
1.5392e+05 6.0637e+06
41629 1.6016e+06
0 21952
1.3934e+05 5.8172e+06
1.4246e+05 5.845e+06
1.7799e+05 6.8387e+06
1.5665e+05 6.2566e+06
1.293e+05 5.4255e+06
1.7343e+05 6.717e+06
1.3048e+05 5.3915e+06
1.4147e+05 5.7746e+06
40242 1.5777e+06
0 22901
1.6504e+05 6.3593e+06
1.7158e+05 6.5356e+06
1.4444e+05 5.7031e+06
1.2855e+05 5.2143e+06
1.3245e+05 5.4991e+06
1.328e+05 5.3813e+06
1.2742e+05 5.3067e+06
1.7237e+05 6.5999e+06
41933 1.6318e+06
0 18797
1.8832e+05 7.0946e+06
2.015e+05 7.3953e+06
1.8571e+05 6.9844e+06
1.4702e+05 5.9733e+06
1.5163e+05 6.1469e+06
1.5043e+05 5.9733e+06
1.433e+05 5.835e+06
1.4526e+05 5.9049e+06
41139 1.6273e+06
0 22247
1.4818e+05 6.0048e+06
1.4694e+05 6.017e+06
1.5185e+05 5.9996e+06
1.4056e+05 5.6719e+06
1.403e+05 5.7936e+06
1.5936e+05 6.3e+06
1.3791e+05 5.6809e+06
1.3756e+05 5.6694e+06
48155 1.8751e+06
0 20698
1.3801e+05 5.6348e+06
1.3184e+05 5.469e+06
1.5067e+05 5.923e+06
1.3818e+05 5.6289e+06
1.4131e+05 5.7778e+06
1.4846e+05 5.935e+06
1.7331e+05 6.6865e+06
1.699e+05 6.667e+06
38035 1.5048e+06
0 18893
1.6565e+05 6.5837e+06
1.5758e+05 6.3459e+06
1.8215e+05 6.9014e+06
1.5507e+05 6.0957e+06
1.5275e+05 6.1985e+06
1.3625e+05 5.5757e+06
1.4161e+05 5.8204e+06
1.4707e+05 5.9414e+06
52408 1.9747e+06
0 19385
1.7403e+05 6.783e+06
1.9265e+05 7.3199e+06
1.4424e+05 5.7549e+06
1.3741e+05 5.5352e+06
1.3211e+05 5.5352e+06
1.5528e+05 6.0956e+06
1.3902e+05 5.7281e+06
1.3943e+05 5.7882e+06
37000 1.4834e+06
0 20929
1.3352e+05 5.6163e+06
1.3095e+05 5.5043e+06
1.2638e+05 5.1475e+06
1.7513e+05 6.5061e+06
1.3141e+05 5.4464e+06
1.6352e+05 6.3034e+06
1.4837e+05 6.0518e+06
1.5003e+05 6.0047e+06
41117 1.6281e+06
0 18160
1.3489e+05 5.6096e+06
1.4234e+05 5.7789e+06
1.6286e+05 6.3515e+06
1.6217e+05 6.2978e+06
1.4697e+05 5.9046e+06
1.4082e+05 5.7325e+06
1.3701e+05 5.6111e+06
1.3344e+05 5.4262e+06
40407 1.5751e+06
0 16640
1.3655e+05 5.6586e+06
1.4011e+05 5.7263e+06
1.7396e+05 6.7411e+06
1.6952e+05 6.5973e+06
1.6365e+05 6.3829e+06
1.5062e+05 6.0414e+06
1.5602e+05 6.1373e+06
1.5977e+05 6.2975e+06
35108 1.4383e+06
0 18517
1.1948e+05 5.0075e+06
1.2176e+05 5.1081e+06
1.6525e+05 6.4126e+06
1.3101e+05 5.423e+06
1.3131e+05 5.4552e+06
1.3322e+05 5.424e+06
1.307e+05 5.4488e+06
1.468e+05 5.8472e+06
36448 1.457e+06
0 21537
1.9694e+05 7.3805e+06
2.0716e+05 7.6886e+06
1.453e+05 5.7525e+06
1.3369e+05 5.4233e+06
1.3982e+05 5.745e+06
1.4706e+05 5.8903e+06
1.4411e+05 5.8887e+06
1.3667e+05 5.626e+06
49716 1.8854e+06
0 17551
1.9003e+05 7.1501e+06
1.9973e+05 7.4983e+06
1.4876e+05 5.8603e+06
1.397e+05 5.711e+06
1.3306e+05 5.5966e+06
1.5531e+05 6.1482e+06
1.411e+05 5.8174e+06
1.3912e+05 5.6875e+06
54499 2.0426e+06
0 21006
1.3561e+05 5.5707e+06
1.3148e+05 5.4703e+06
1.4388e+05 5.8242e+06
1.4098e+05 5.7199e+06
1.3892e+05 5.7023e+06
1.3549e+05 5.5464e+06
1.3791e+05 5.75e+06
1.3796e+05 5.5962e+06
44145 1.6925e+06
0 19495
1.2505e+05 5.2336e+06
1.2631e+05 5.2864e+06
1.4263e+05 5.6869e+06
1.4163e+05 5.7962e+06
1.5049e+05 6.0605e+06
1.3869e+05 5.7559e+06
1.6104e+05 6.3684e+06
1.4331e+05 5.8601e+06
51257 1.9547e+06
0 20720
1.3117e+05 5.4207e+06
1.3502e+05 5.5921e+06
1.6411e+05 6.3866e+06
1.5094e+05 5.9973e+06
1.4861e+05 5.9633e+06
1.5516e+05 6.1704e+06
1.5795e+05 6.2476e+06
1.5511e+05 6.2025e+06
38494 1.513e+06
0 21655
2.1346e+05 7.701e+06
2.3925e+05 8.3695e+06
1.5973e+05 6.3295e+06
1.5285e+05 6.1318e+06
1.3431e+05 5.5216e+06
1.3473e+05 5.4471e+06
1.2522e+05 5.126e+06
1.3603e+05 5.5318e+06
50249 1.8685e+06
0 17961
1.301e+05 5.4432e+06
1.3479e+05 5.615e+06
2.9676e+05 1.0195e+07
2.4718e+05 8.857e+06
1.4151e+05 5.7569e+06
1.5017e+05 6.0741e+06
1.4109e+05 5.7834e+06
1.488e+05 6.0194e+06
37470 1.5119e+06
0 22550
1.3671e+05 5.6071e+06
1.2823e+05 5.3824e+06
1.7642e+05 6.7657e+06
1.6412e+05 6.4795e+06
1.5603e+05 6.1522e+06
1.3666e+05 5.6134e+06
1.4537e+05 5.8738e+06
1.4648e+05 5.9275e+06
48228 1.7761e+06
0 19194
1.6206e+05 6.3708e+06
1.6136e+05 6.3111e+06
1.4968e+05 5.8861e+06
1.2662e+05 5.2308e+06
1.4342e+05 5.8551e+06
1.4475e+05 5.8065e+06
1.6134e+05 6.3911e+06
1.3258e+05 5.5115e+06
68195 2.3796e+06
0 21308
1.3961e+05 5.8214e+06
1.3588e+05 5.6863e+06
1.6469e+05 6.4018e+06
1.4862e+05 5.8773e+06
1.4441e+05 5.8936e+06
1.3913e+05 5.6497e+06
1.48e+05 6.0038e+06
1.4963e+05 6.0099e+06
42962 1.618e+06
0 19482
1.3234e+05 5.5057e+06
1.4218e+05 5.7498e+06
1.5687e+05 6.1436e+06
1.6821e+05 6.4729e+06
1.3826e+05 5.6862e+06
1.3608e+05 5.6032e+06
1.4522e+05 5.8655e+06
1.2992e+05 5.3673e+06
39860 1.5546e+06
0 17754
1.3568e+05 5.6329e+06
1.3415e+05 5.5921e+06
1.4356e+05 5.7132e+06
1.4272e+05 5.6977e+06
1.3761e+05 5.675e+06
1.6428e+05 6.43e+06
1.3175e+05 5.4957e+06
1.3905e+05 5.7605e+06
37795 1.5094e+06
0 20617
1.4732e+05 6.0366e+06
1.4708e+05 6.0546e+06
1.5385e+05 6.1327e+06
1.4381e+05 5.7309e+06
1.5232e+05 6.0964e+06
1.5149e+05 6.0586e+06
1.4855e+05 6.0206e+06
1.492e+05 6.0839e+06
42688 1.633e+06
0 19382
1.4632e+05 6.0795e+06
1.4113e+05 5.8854e+06
1.7943e+05 6.8405e+06
1.6148e+05 6.3332e+06
1.5747e+05 6.2793e+06
2.023e+05 7.5487e+06
1.4194e+05 5.8318e+06
1.4128e+05 5.8585e+06
40254 1.6047e+06
0 19685
1.5375e+05 6.2519e+06
1.6058e+05 6.4238e+06
1.4677e+05 5.8886e+06
1.3259e+05 5.4412e+06
1.2963e+05 5.4144e+06
1.3063e+05 5.434e+06
1.5295e+05 6.0645e+06
1.3635e+05 5.6371e+06
49039 1.8059e+06
0 21236
1.417e+05 5.845e+06
1.4749e+05 6.0083e+06
1.9566e+05 7.2979e+06
1.681e+05 6.4873e+06
1.311e+05 5.4351e+06
1.523e+05 6.1212e+06
1.3569e+05 5.6148e+06
1.3622e+05 5.6037e+06
57548 2.1181e+06
0 17144
1.3767e+05 5.594e+06
1.3672e+05 5.5712e+06
1.3672e+05 5.481e+06
1.3279e+05 5.417e+06
1.3645e+05 5.5426e+06
1.4697e+05 5.8075e+06
1.4786e+05 5.8462e+06
1.3963e+05 5.7735e+06
39123 1.5433e+06
0 20304
1.4367e+05 5.8793e+06
1.3424e+05 5.5594e+06
1.7102e+05 6.7085e+06
1.5638e+05 6.2051e+06
1.393e+05 5.7009e+06
1.4639e+05 5.8577e+06
1.3464e+05 5.4967e+06
1.5134e+05 6.0162e+06
46781 1.7738e+06
0 20669
1.7382e+05 6.7168e+06
1.9912e+05 7.4265e+06
1.5008e+05 5.8761e+06
1.4155e+05 5.6921e+06
1.3629e+05 5.6237e+06
1.457e+05 5.9479e+06
1.494e+05 5.9584e+06
1.6607e+05 6.4762e+06
47069 1.8078e+06
0 16751
1.458e+05 5.9298e+06
1.5296e+05 6.1537e+06
1.8638e+05 7.1122e+06
1.6247e+05 6.4907e+06
1.5015e+05 5.9963e+06
1.4386e+05 5.8042e+06
1.4348e+05 5.8189e+06
1.4602e+05 5.8631e+06
41094 1.5895e+06
0 20141
1.3166e+05 5.5444e+06
1.4011e+05 5.7697e+06
1.5113e+05 6.0761e+06
1.5741e+05 6.2541e+06
1.4745e+05 6.0139e+06
1.5524e+05 6.1061e+06
1.399e+05 5.7761e+06
1.4046e+05 5.8087e+06
40456 1.5967e+06
0 18754
1.4038e+05 5.735e+06
1.3333e+05 5.527e+06
1.3364e+05 5.5123e+06
1.3313e+05 5.3753e+06
1.34e+05 5.4865e+06
1.3465e+05 5.4238e+06
1.2745e+05 5.2923e+06
1.3616e+05 5.5077e+06
42732 1.6339e+06
0 16317
1.4569e+05 5.8439e+06
1.5435e+05 6.0843e+06
1.9464e+05 7.1645e+06
1.6247e+05 6.3206e+06
1.4667e+05 5.8382e+06
1.4831e+05 5.9392e+06
1.4867e+05 5.9717e+06
1.5159e+05 5.9489e+06
40339 1.5422e+06
0 17113
2.7108e+05 9.4021e+06
2.6618e+05 9.2041e+06
1.7178e+05 6.816e+06
1.5927e+05 6.3375e+06
1.431e+05 5.8684e+06
1.4037e+05 5.7664e+06
1.4173e+05 5.8509e+06
1.4806e+05 6.0491e+06
54039 1.9569e+06
0 19532
1.3235e+05 5.5966e+06
1.3404e+05 5.5858e+06
1.4861e+05 6.0778e+06
1.7503e+05 6.8127e+06
1.4125e+05 5.8049e+06
1.8428e+05 7.0364e+06
1.5224e+05 6.0964e+06
1.5025e+05 6.1516e+06
39076 1.5604e+06
0 19714
1.7051e+05 6.7636e+06
1.7137e+05 6.8244e+06
2.1496e+05 8.0005e+06
1.8903e+05 7.3122e+06
1.5281e+05 6.2426e+06
1.4865e+05 5.9216e+06
1.5479e+05 6.2358e+06
1.5952e+05 6.4825e+06
52134 1.9488e+06
0 20347
1.3168e+05 5.557e+06
1.4348e+05 5.897e+06
1.4352e+05 5.7061e+06
1.2423e+05 5.156e+06
1.3717e+05 5.6203e+06
1.3403e+05 5.5089e+06
1.4145e+05 5.7693e+06
1.3999e+05 5.7481e+06
48635 1.9001e+06
0 18713
1.4115e+05 5.7709e+06
1.523e+05 6.0611e+06
1.551e+05 6.1869e+06
1.5435e+05 6.1998e+06
1.4347e+05 5.8949e+06
1.4061e+05 5.7208e+06
1.3886e+05 5.6794e+06
1.4226e+05 5.869e+06
52754 1.9981e+06
0 18104
1.3443e+05 5.5036e+06
1.3708e+05 5.5965e+06
1.6269e+05 6.4388e+06
1.4709e+05 5.965e+06
1.5272e+05 6.1764e+06
1.3095e+05 5.343e+06
1.4459e+05 5.7922e+06
1.5117e+05 6.1584e+06
63073 2.2678e+06
0 20854
1.6913e+05 6.6366e+06
1.3075e+05 5.4843e+06
1.7608e+05 6.7843e+06
1.6455e+05 6.3616e+06
1.4507e+05 5.9388e+06
1.5362e+05 6.0849e+06
1.4481e+05 5.9699e+06
1.4719e+05 6.0593e+06
42069 1.6573e+06
0 21761
1.3212e+05 5.5278e+06
1.3146e+05 5.447e+06
1.5311e+05 5.9728e+06
1.5513e+05 6.0428e+06
1.3728e+05 5.6215e+06
1.447e+05 5.8828e+06
1.5083e+05 6.1016e+06
1.3726e+05 5.6389e+06
45955 1.7374e+06
0 21825
1.5158e+05 6.1259e+06
1.5262e+05 6.1274e+06
1.8046e+05 6.7634e+06
1.6719e+05 6.412e+06
1.3556e+05 5.5748e+06
1.4483e+05 5.8814e+06
1.3551e+05 5.5681e+06
1.6968e+05 6.5786e+06
48919 1.8463e+06
0 19624
1.5436e+05 6.1642e+06
1.5811e+05 6.2596e+06
1.8368e+05 6.9181e+06
1.8017e+05 6.8104e+06
1.6084e+05 6.2567e+06
1.3624e+05 5.5862e+06
1.5017e+05 5.9656e+06
1.5847e+05 6.27e+06
43723 1.6843e+06
0 20547
1.3223e+05 5.5225e+06
1.3042e+05 5.4351e+06
1.5515e+05 6.0848e+06
1.6925e+05 6.5012e+06
1.4215e+05 5.7733e+06
1.4275e+05 5.8693e+06
1.3044e+05 5.4205e+06
1.7651e+05 6.7549e+06
38709 1.5359e+06
0 19931
1.303e+05 5.4471e+06
1.3309e+05 5.5449e+06
2.1994e+05 7.8099e+06
1.8925e+05 7.0173e+06
1.3658e+05 5.6484e+06
1.2736e+05 5.2934e+06
1.4409e+05 5.8956e+06
1.449e+05 5.9155e+06
50012 1.9067e+06
0 17699
1.2006e+05 5.0865e+06
1.2416e+05 5.2356e+06
1.7789e+05 6.8757e+06
1.5975e+05 6.3458e+06
1.4168e+05 5.7959e+06
1.4993e+05 6.0391e+06
1.4715e+05 5.9646e+06
1.4608e+05 5.9033e+06
43717 1.6405e+06
0 19320
1.9926e+05 7.3614e+06
2.2903e+05 8.1426e+06
1.3633e+05 5.4844e+06
1.5128e+05 5.9492e+06
1.365e+05 5.6054e+06
1.5326e+05 6.054e+06
1.342e+05 5.5704e+06
1.3948e+05 5.7966e+06
43289 1.6254e+06
0 19639
1.6715e+05 6.4587e+06
1.7353e+05 6.6694e+06
1.5451e+05 6.0526e+06
1.3e+05 5.3951e+06
1.3197e+05 5.4805e+06
1.3522e+05 5.4038e+06
1.5004e+05 5.9509e+06
1.3747e+05 5.5705e+06
36455 1.4693e+06
0 16008
2.4066e+05 8.5774e+06
2.6005e+05 9.115e+06
1.5027e+05 5.8799e+06
1.3661e+05 5.5899e+06
1.3691e+05 5.6232e+06
1.5431e+05 6.174e+06
1.507e+05 6.0554e+06
1.5242e+05 6.1404e+06
40386 1.5786e+06
0 19217
1.2805e+05 5.2837e+06
1.3626e+05 5.5115e+06
1.6867e+05 6.6514e+06
1.5489e+05 6.1655e+06
1.3017e+05 5.4638e+06
1.3995e+05 5.6924e+06
1.4825e+05 6.014e+06
1.4183e+05 5.7115e+06
51363 1.8808e+06
0 18296
1.368e+05 5.6711e+06
1.33e+05 5.5013e+06
1.4509e+05 5.9435e+06
1.7248e+05 6.6747e+06
1.5353e+05 6.159e+06
1.511e+05 5.9573e+06
1.375e+05 5.6537e+06
1.7157e+05 6.621e+06
52157 1.8956e+06
0 18125
1.4323e+05 5.8776e+06
1.3779e+05 5.7157e+06
1.7703e+05 6.8705e+06
1.7003e+05 6.6238e+06
1.4609e+05 5.8818e+06
1.5142e+05 6.0325e+06
1.5826e+05 6.1603e+06
1.583e+05 6.319e+06
53592 1.9997e+06
0 19353
1.3705e+05 5.625e+06
1.2616e+05 5.2825e+06
1.4675e+05 5.7682e+06
1.3539e+05 5.4686e+06
1.405e+05 5.7213e+06
1.4297e+05 5.7946e+06
1.3607e+05 5.6349e+06
1.4351e+05 5.8392e+06
40096 1.5508e+06
0 19935
1.401e+05 5.6863e+06
1.4272e+05 5.7804e+06
1.4744e+05 5.895e+06
1.3594e+05 5.5451e+06
1.4693e+05 5.9249e+06
1.3645e+05 5.5535e+06
1.4099e+05 5.6996e+06
1.3231e+05 5.4467e+06
47168 1.8052e+06
0 20844
2.8672e+05 9.8906e+06
2.8756e+05 9.9263e+06
1.7008e+05 6.506e+06
1.4103e+05 5.633e+06
1.4752e+05 6.0095e+06
1.5895e+05 6.2827e+06
1.4697e+05 6.0034e+06
1.4793e+05 6.0055e+06
41750 1.6692e+06
0 19027
2.8731e+05 9.8075e+06
2.7989e+05 9.5982e+06
1.6056e+05 6.2108e+06
1.5851e+05 6.201e+06
1.3277e+05 5.5297e+06
1.5002e+05 5.9268e+06
1.6244e+05 6.3182e+06
1.3611e+05 5.5888e+06
44845 1.7481e+06
0 22370
1.3573e+05 5.5964e+06
1.359e+05 5.6162e+06
1.3594e+05 5.5582e+06
1.4311e+05 5.8121e+06
1.3492e+05 5.5822e+06
1.3665e+05 5.5821e+06
1.3396e+05 5.4933e+06
1.4421e+05 5.8782e+06
41859 1.635e+06
0 18407
2.1634e+05 7.957e+06
1.9746e+05 7.4155e+06
1.7936e+05 6.7717e+06
1.5558e+05 6.1019e+06
1.3856e+05 5.7216e+06
1.5727e+05 6.2909e+06
1.3281e+05 5.5416e+06
1.4057e+05 5.7862e+06
34025 1.396e+06
0 20538
1.403e+05 5.8001e+06
1.4288e+05 5.8384e+06
1.8194e+05 6.9692e+06
1.7593e+05 6.8149e+06
1.4911e+05 6.0343e+06
1.7457e+05 6.8349e+06
1.3601e+05 5.6237e+06
1.4003e+05 5.7604e+06
49390 1.9203e+06
0 23011
1.469e+05 6.0154e+06
1.375e+05 5.7148e+06
1.8869e+05 7.1957e+06
1.6267e+05 6.4083e+06
1.4817e+05 5.9994e+06
1.5341e+05 6.082e+06
1.5013e+05 6.0645e+06
1.407e+05 5.7839e+06
49209 1.8524e+06
0 20247
1.4733e+05 5.9947e+06
1.3968e+05 5.8073e+06
1.4516e+05 5.7845e+06
1.6178e+05 6.3249e+06
1.4363e+05 5.7962e+06
1.4627e+05 5.9262e+06
1.3944e+05 5.808e+06
1.4534e+05 5.8755e+06
50255 1.8597e+06
0 20103
1.6439e+05 6.594e+06
1.6271e+05 6.4931e+06
1.5608e+05 6.0353e+06
1.3621e+05 5.5756e+06
1.4098e+05 5.7255e+06
1.5139e+05 6.0055e+06
1.4303e+05 5.8318e+06
1.398e+05 5.7041e+06
36003 1.455e+06
0 23553
1.3737e+05 5.5532e+06
1.3441e+05 5.4951e+06
1.7841e+05 6.7202e+06
2.2929e+05 8.0978e+06
1.454e+05 5.8623e+06
1.668e+05 6.3275e+06
1.4171e+05 5.7257e+06
1.433e+05 5.8255e+06
44416 1.7404e+06
0 19175
1.468e+05 6.0901e+06
1.476e+05 5.9934e+06
1.4836e+05 5.8763e+06
1.5034e+05 5.9644e+06
1.382e+05 5.6624e+06
1.5865e+05 6.344e+06
1.4896e+05 5.9932e+06
1.7113e+05 6.595e+06
41840 1.6137e+06
0 20388
2.0445e+05 7.6359e+06
1.7642e+05 6.8234e+06
1.3867e+05 5.5995e+06
1.3502e+05 5.4652e+06
1.36e+05 5.5934e+06
1.8054e+05 6.9324e+06
1.5455e+05 6.1944e+06
1.3268e+05 5.538e+06
45622 1.7372e+06
0 20415
1.342e+05 5.6117e+06
1.3306e+05 5.5415e+06
1.67e+05 6.5759e+06
1.4782e+05 5.9765e+06
1.2641e+05 5.3208e+06
1.6445e+05 6.3625e+06
1.4205e+05 5.8823e+06
1.409e+05 5.8167e+06
36908 1.5002e+06
0 18201
1.3643e+05 5.6534e+06
1.3412e+05 5.6291e+06
1.8187e+05 6.8923e+06
1.487e+05 5.8477e+06
1.3284e+05 5.5533e+06
1.6824e+05 6.5286e+06
1.4154e+05 5.7933e+06
1.3857e+05 5.7315e+06
43096 1.6916e+06
0 18573
1.4665e+05 5.9942e+06
1.5147e+05 6.1051e+06
1.3788e+05 5.5824e+06
1.4128e+05 5.6597e+06
1.3277e+05 5.4839e+06
1.4227e+05 5.7981e+06
1.4048e+05 5.7646e+06
1.3295e+05 5.5395e+06
36313 1.4751e+06
0 22262
1.3491e+05 5.655e+06
1.3588e+05 5.7605e+06
1.5152e+05 5.9914e+06
1.4077e+05 5.7075e+06
1.4346e+05 5.8773e+06
1.4266e+05 5.8035e+06
1.4006e+05 5.8147e+06
1.6081e+05 6.38e+06
41758 1.6371e+06
0 19990
1.4088e+05 5.6891e+06
1.2184e+05 5.1884e+06
1.4139e+05 5.6753e+06
2.4658e+05 8.6024e+06
1.3697e+05 5.6083e+06
2.1599e+05 7.7675e+06
1.3722e+05 5.6243e+06
1.4188e+05 5.8042e+06
34271 1.3808e+06
0 19693
1.4896e+05 6.0849e+06
1.4878e+05 6.0922e+06
1.3373e+05 5.3828e+06
1.5998e+05 6.1312e+06
1.3048e+05 5.3902e+06
1.4655e+05 5.8862e+06
1.3493e+05 5.519e+06
1.4633e+05 5.9137e+06
54211 1.9719e+06
0 18779
1.27e+05 5.2995e+06
1.2983e+05 5.4521e+06
2.0432e+05 7.5416e+06
1.9662e+05 7.3228e+06
1.3311e+05 5.547e+06
1.3778e+05 5.6289e+06
1.3398e+05 5.5249e+06
1.423e+05 5.8082e+06
55727 2.0711e+06
0 17854
1.3438e+05 5.5847e+06
1.344e+05 5.6093e+06
1.5867e+05 6.0991e+06
1.6746e+05 6.3614e+06
1.5809e+05 6.2259e+06
1.3443e+05 5.5169e+06
1.5664e+05 6.2047e+06
1.7002e+05 6.5771e+06
44243 1.7346e+06
0 18438
1.7359e+05 6.6723e+06
1.9185e+05 7.1714e+06
1.6965e+05 6.5492e+06
1.6151e+05 6.3627e+06
1.3278e+05 5.5023e+06
1.5275e+05 6.1068e+06
1.3736e+05 5.5182e+06
1.6845e+05 6.4743e+06
39238 1.57e+06
0 19082
1.3354e+05 5.523e+06
1.3199e+05 5.481e+06
1.4217e+05 5.7523e+06
1.4476e+05 5.7659e+06
1.4071e+05 5.7885e+06
1.7813e+05 6.9153e+06
1.378e+05 5.716e+06
1.4593e+05 5.9313e+06
40312 1.5822e+06
0 19088
1.4503e+05 5.9051e+06
1.5762e+05 6.2873e+06
1.4422e+05 5.746e+06
1.3758e+05 5.5629e+06
1.3954e+05 5.7089e+06
1.542e+05 6.0788e+06
1.3496e+05 5.6153e+06
1.4762e+05 5.9092e+06
37536 1.486e+06
0 17256
1.269e+05 5.3203e+06
1.2763e+05 5.3567e+06
2.0494e+05 7.5857e+06
1.7635e+05 6.7879e+06
1.5177e+05 6.0553e+06
1.5127e+05 6.1175e+06
1.4828e+05 6.0391e+06
1.4236e+05 5.762e+06
50369 1.8856e+06
0 21333
2.8194e+05 9.7391e+06
2.6118e+05 9.0946e+06
1.5553e+05 6.1099e+06
1.4199e+05 5.6631e+06
1.5471e+05 6.0762e+06
1.6069e+05 6.2731e+06
1.4704e+05 5.9334e+06
1.4514e+05 5.8775e+06
46932 1.7398e+06
0 19800
1.3206e+05 5.512e+06
1.3173e+05 5.5212e+06
1.5345e+05 5.9915e+06
1.6127e+05 6.3038e+06
1.4042e+05 5.7385e+06
1.5994e+05 6.2669e+06
1.5195e+05 6.0812e+06
1.4414e+05 5.8242e+06
41318 1.6054e+06
0 18267
1.4032e+05 5.8115e+06
1.5875e+05 6.3722e+06
1.787e+05 6.9006e+06
1.6065e+05 6.3436e+06
1.3939e+05 5.7259e+06
1.6492e+05 6.4883e+06
1.4238e+05 5.79e+06
1.6068e+05 6.2359e+06
38395 1.4997e+06
0 20092
1.2731e+05 5.3998e+06
1.3952e+05 5.7825e+06
1.3053e+05 5.4206e+06
1.3091e+05 5.3321e+06
1.2788e+05 5.3502e+06
1.4475e+05 5.8019e+06
1.365e+05 5.5796e+06
1.4155e+05 5.826e+06
39852 1.55e+06
0 23235
1.8266e+05 6.9672e+06
1.809e+05 6.9445e+06
1.7329e+05 6.5855e+06
1.6288e+05 6.2593e+06
1.2848e+05 5.3529e+06
1.3538e+05 5.4716e+06
1.4094e+05 5.6921e+06
1.3275e+05 5.5829e+06
35968 1.4717e+06
0 21642
1.8577e+05 7.0561e+06
1.7163e+05 6.6548e+06
1.8962e+05 7.0345e+06
1.8106e+05 6.8823e+06
1.3185e+05 5.4967e+06
1.6272e+05 6.4787e+06
1.3966e+05 5.7213e+06
1.4335e+05 5.8024e+06
44281 1.7165e+06
0 19785
1.3946e+05 5.8026e+06
1.4335e+05 5.9374e+06
1.6439e+05 6.4369e+06
1.649e+05 6.3985e+06
1.3742e+05 5.7145e+06
1.5743e+05 6.156e+06
1.4773e+05 6.0499e+06
1.2904e+05 5.3527e+06
51231 1.9281e+06
0 22576
1.6467e+05 6.561e+06
1.6848e+05 6.6352e+06
1.5891e+05 6.2144e+06
1.5763e+05 6.1455e+06
1.6639e+05 6.3977e+06
1.4102e+05 5.7316e+06
1.5757e+05 6.1845e+06
1.8596e+05 6.9978e+06
38393 1.5278e+06
0 20289
1.3347e+05 5.5143e+06
1.3837e+05 5.7029e+06
1.9529e+05 7.2952e+06
1.8426e+05 7.0354e+06
1.561e+05 6.2205e+06
1.4151e+05 5.7423e+06
1.309e+05 5.4698e+06
1.5976e+05 6.2998e+06
44060 1.745e+06
0 17444
1.2815e+05 5.4453e+06
1.3414e+05 5.6281e+06
1.3806e+05 5.5713e+06
1.388e+05 5.6611e+06
1.4552e+05 5.9454e+06
1.3456e+05 5.5494e+06
1.3979e+05 5.7429e+06
1.7587e+05 6.8459e+06
44340 1.7289e+06
0 19995
1.4179e+05 5.7435e+06
1.3762e+05 5.6263e+06
1.1801e+05 4.9118e+06
1.4573e+05 5.8056e+06
1.3868e+05 5.67e+06
1.5552e+05 6.1375e+06
1.2861e+05 5.3411e+06
1.3354e+05 5.5434e+06
45792 1.7432e+06
0 16334
1.4202e+05 5.908e+06
1.4048e+05 5.8478e+06
1.5323e+05 5.9518e+06
2.0053e+05 7.2858e+06
1.3708e+05 5.6091e+06
1.7741e+05 6.7817e+06
1.4761e+05 5.9852e+06
1.2961e+05 5.4435e+06
50985 1.8923e+06
0 18766
1.2167e+05 5.1625e+06
1.2254e+05 5.199e+06
2.2275e+05 8.0005e+06
1.904e+05 7.1604e+06
1.3433e+05 5.595e+06
1.3585e+05 5.5959e+06
1.5393e+05 6.1805e+06
1.2889e+05 5.3406e+06
43387 1.6929e+06
0 21845
1.4624e+05 5.9463e+06
1.5584e+05 6.2178e+06
2.0077e+05 7.4911e+06
1.7589e+05 6.7743e+06
1.4559e+05 5.8732e+06
1.4392e+05 5.8433e+06
1.3676e+05 5.723e+06
1.7662e+05 6.7575e+06
41707 1.6127e+06
0 18473
1.2474e+05 5.2875e+06
1.3219e+05 5.4734e+06
1.3476e+05 5.5282e+06
1.3087e+05 5.4138e+06
1.3825e+05 5.7048e+06
1.4548e+05 5.77e+06
1.4174e+05 5.7383e+06
1.3717e+05 5.6439e+06
52555 1.9468e+06
0 16944
1.2974e+05 5.4091e+06
1.2767e+05 5.3802e+06
1.5195e+05 6.0258e+06
1.5324e+05 6.0934e+06
1.3812e+05 5.6843e+06
1.3346e+05 5.5315e+06
1.53e+05 6.1275e+06
1.509e+05 6.0711e+06
36459 1.4394e+06
0 18607
1.3539e+05 5.6016e+06
1.3541e+05 5.5785e+06
1.6279e+05 6.3135e+06
1.5058e+05 5.9882e+06
1.4268e+05 5.8279e+06
1.861e+05 7.0453e+06
1.4028e+05 5.7477e+06
1.7921e+05 6.8961e+06
41221 1.6127e+06
0 17398
1.2715e+05 5.3849e+06
1.2868e+05 5.4219e+06
2.0415e+05 7.4559e+06
1.8376e+05 6.8657e+06
1.3785e+05 5.6773e+06
1.4617e+05 5.8634e+06
1.488e+05 5.9751e+06
1.4604e+05 5.8193e+06
41424 1.6114e+06
0 16929
1.5343e+05 6.1584e+06
1.4476e+05 5.9658e+06
1.5024e+05 6.0167e+06
1.5633e+05 6.1093e+06
1.5295e+05 6.1393e+06
1.5553e+05 6.177e+06
1.4608e+05 5.9599e+06
1.5244e+05 6.1707e+06
56847 2.0742e+06
0 18437
1.6648e+05 6.5133e+06
1.6017e+05 6.3767e+06
1.7376e+05 6.7216e+06
1.5905e+05 6.243e+06
1.3665e+05 5.6732e+06
1.4809e+05 5.905e+06
1.5817e+05 6.3888e+06
1.2453e+05 5.2219e+06
46833 1.7848e+06
0 16443
2.809e+05 9.7552e+06
2.8417e+05 9.8563e+06
2.2245e+05 8.1315e+06
1.8665e+05 7.076e+06
1.4703e+05 5.9417e+06
1.4431e+05 5.913e+06
1.4041e+05 5.725e+06
1.4646e+05 5.9717e+06
40028 1.5912e+06
0 18006
1.738e+05 6.6971e+06
1.7346e+05 6.7102e+06
1.6834e+05 6.4074e+06
1.9839e+05 7.2885e+06
1.3813e+05 5.6589e+06
1.7324e+05 6.7497e+06
1.4316e+05 5.896e+06
1.3516e+05 5.617e+06
40455 1.5913e+06
0 17225
1.411e+05 5.7083e+06
1.3488e+05 5.5653e+06
1.3866e+05 5.5119e+06
2.2214e+05 7.9933e+06
1.5816e+05 6.1625e+06
1.826e+05 6.945e+06
1.491e+05 5.8812e+06
1.6715e+05 6.445e+06
44136 1.6826e+06
0 17527
1.4161e+05 5.7681e+06
1.3414e+05 5.5757e+06
2.0525e+05 7.6015e+06
1.8021e+05 6.8333e+06
1.342e+05 5.5002e+06
1.5384e+05 6.0958e+06
1.4125e+05 5.7275e+06
1.4763e+05 5.9445e+06
32993 1.3483e+06
0 23039
1.2824e+05 5.3818e+06
1.3191e+05 5.5016e+06
1.2718e+05 5.1428e+06
1.324e+05 5.3385e+06
1.3492e+05 5.5244e+06
1.4093e+05 5.6651e+06
1.5592e+05 6.1634e+06
1.4923e+05 5.9802e+06
55664 2.03e+06
0 20228
1.5953e+05 6.3253e+06
1.407e+05 5.7988e+06
1.4364e+05 5.7656e+06
1.5363e+05 6.0935e+06
1.3165e+05 5.4794e+06
1.4237e+05 5.6937e+06
1.3556e+05 5.5997e+06
1.4071e+05 5.7006e+06
39213 1.5488e+06
0 24004
1.4373e+05 5.9047e+06
1.4557e+05 6.0072e+06
1.3743e+05 5.4822e+06
1.2779e+05 5.2644e+06
1.372e+05 5.6528e+06
1.343e+05 5.5224e+06
1.3769e+05 5.6847e+06
1.4557e+05 5.963e+06
39168 1.5668e+06
0 23696
1.3809e+05 5.646e+06
1.344e+05 5.5748e+06
1.5824e+05 6.2221e+06
1.5288e+05 6.0677e+06
1.3004e+05 5.3333e+06
1.3235e+05 5.4512e+06
1.319e+05 5.4685e+06
1.454e+05 5.7935e+06
55515 2.003e+06
0 23356
1.3741e+05 5.7284e+06
1.3698e+05 5.7057e+06
1.5646e+05 6.1819e+06
1.4682e+05 5.8674e+06
1.487e+05 6.0091e+06
1.4143e+05 5.7282e+06
1.4287e+05 5.7339e+06
1.4482e+05 5.8564e+06
44859 1.709e+06
0 22430
1.3651e+05 5.6215e+06
1.3666e+05 5.628e+06
1.5528e+05 6.0342e+06
1.6494e+05 6.313e+06
1.3647e+05 5.5983e+06
1.5069e+05 5.9782e+06
1.3635e+05 5.5367e+06
1.4471e+05 5.8042e+06
43358 1.7182e+06
0 19333
1.5065e+05 6.107e+06
1.5014e+05 6.1575e+06
1.3489e+05 5.473e+06
1.3173e+05 5.3456e+06
1.4408e+05 5.8784e+06
1.3088e+05 5.4192e+06
1.3984e+05 5.7416e+06
1.4589e+05 5.9641e+06
40868 1.6368e+06
0 21150
1.4259e+05 5.7728e+06
1.3874e+05 5.6494e+06
1.5844e+05 6.2612e+06
1.496e+05 5.9363e+06
1.3216e+05 5.484e+06
1.472e+05 5.8451e+06
1.3714e+05 5.5855e+06
1.4173e+05 5.7235e+06
60634 2.1659e+06
0 19838
1.2887e+05 5.3834e+06
1.2621e+05 5.3344e+06
2.5358e+05 8.9992e+06
2.1294e+05 7.8729e+06
1.4866e+05 6.0534e+06
1.8194e+05 6.8793e+06
1.4311e+05 5.9399e+06
1.3427e+05 5.5231e+06
29706 1.2214e+06
0 16142
1.4378e+05 5.8881e+06
1.4888e+05 5.9575e+06
1.3192e+05 5.3884e+06
1.2287e+05 5.0824e+06
1.3741e+05 5.6381e+06
1.5925e+05 6.2877e+06
1.4596e+05 5.9187e+06
1.3684e+05 5.6837e+06
42085 1.6277e+06
0 20055
1.3342e+05 5.5766e+06
1.2894e+05 5.4354e+06
2.9727e+05 1.0186e+07
2.3505e+05 8.4868e+06
1.5278e+05 6.163e+06
1.6864e+05 6.641e+06
1.3001e+05 5.461e+06
1.6486e+05 6.6416e+06
35372 1.4064e+06
0 19062
1.7792e+05 6.8578e+06
1.8652e+05 7.1371e+06
1.5694e+05 6.1925e+06
1.508e+05 6.0958e+06
1.4225e+05 5.8721e+06
1.4247e+05 5.8096e+06
1.4478e+05 5.8342e+06
1.4658e+05 5.9779e+06
50623 1.898e+06
0 15840
1.284e+05 5.3645e+06
1.2963e+05 5.4021e+06
1.6372e+05 6.2156e+06
1.5126e+05 5.963e+06
1.3783e+05 5.6838e+06
1.3722e+05 5.5725e+06
1.4627e+05 5.9846e+06
1.3517e+05 5.5603e+06
36485 1.4344e+06
0 18903
1.7048e+05 6.649e+06
1.8571e+05 7.1548e+06
2.2127e+05 8.076e+06
1.8492e+05 7.0317e+06
1.4744e+05 5.9694e+06
1.4872e+05 6.0102e+06
1.4604e+05 5.9448e+06
1.5566e+05 6.1531e+06
42240 1.6668e+06
0 16615
1.4747e+05 5.9257e+06
1.5296e+05 6.0594e+06
1.5925e+05 6.322e+06
1.6002e+05 6.3767e+06
1.5258e+05 6.2179e+06
1.6234e+05 6.3832e+06
1.483e+05 5.9863e+06
1.4679e+05 5.9418e+06
51539 1.9078e+06
0 17823
1.4141e+05 5.8237e+06
1.4421e+05 5.8975e+06
1.3971e+05 5.5637e+06
1.3953e+05 5.5858e+06
1.3279e+05 5.4585e+06
1.4552e+05 5.8136e+06
1.4387e+05 5.7956e+06
1.4306e+05 5.8211e+06
44418 1.7434e+06
0 19012
1.3253e+05 5.5528e+06
1.3072e+05 5.5417e+06
1.5235e+05 6.1024e+06
1.444e+05 5.841e+06
1.407e+05 5.7674e+06
1.3725e+05 5.6072e+06
1.5114e+05 6.095e+06
1.4734e+05 5.969e+06
47748 1.8536e+06
0 21134
2.5517e+05 9.01e+06
2.8296e+05 9.7956e+06
1.5892e+05 6.1876e+06
1.4074e+05 5.6433e+06
1.3259e+05 5.5133e+06
1.308e+05 5.4185e+06
1.4323e+05 5.807e+06
1.8831e+05 7.1993e+06
54935 2.0463e+06
0 22071
1.4261e+05 5.8259e+06
1.3977e+05 5.7624e+06
1.442e+05 5.6476e+06
1.326e+05 5.3079e+06
1.4519e+05 5.867e+06
1.4097e+05 5.6623e+06
1.4629e+05 5.8949e+06
1.4112e+05 5.822e+06
47340 1.8094e+06
0 21458
1.7651e+05 6.7612e+06
1.8233e+05 7.0117e+06
1.315e+05 5.3857e+06
1.4356e+05 5.6898e+06
1.3254e+05 5.5314e+06
1.525e+05 6.1177e+06
1.3324e+05 5.497e+06
1.4308e+05 5.8363e+06
71443 2.4857e+06
0 22735
1.3838e+05 5.7091e+06
1.3559e+05 5.6316e+06
1.4908e+05 5.9945e+06
1.3215e+05 5.5209e+06
1.4391e+05 5.8391e+06
1.3979e+05 5.7289e+06
1.5587e+05 6.1556e+06
1.4075e+05 5.7435e+06
32592 1.3612e+06
0 22128
1.6066e+05 6.2756e+06
1.8162e+05 6.8909e+06
1.4696e+05 5.8574e+06
1.3163e+05 5.3177e+06
1.4177e+05 5.7585e+06
1.4092e+05 5.6614e+06
1.3027e+05 5.4206e+06
1.3866e+05 5.6877e+06
47706 1.7787e+06
0 22706
1.8477e+05 6.9754e+06
1.9437e+05 7.2652e+06
1.8367e+05 6.9422e+06
1.7197e+05 6.7015e+06
1.4342e+05 5.9051e+06
1.5172e+05 6.1085e+06
1.4516e+05 5.953e+06
1.4457e+05 5.9038e+06
51149 1.9344e+06
0 24314
